# U, Y
0.00000000 	 0.00000000
-0.03132487 	 0.00787402
-0.06024556 	 0.01574803
-0.08701710 	 0.02362205
-0.11192240 	 0.03149606
-0.13528413 	 0.03937008
-0.15744549 	 0.04724409
-0.17873243 	 0.05511811
-0.19941185 	 0.06299213
-0.21965755 	 0.07086614
-0.23953174 	 0.07874016
-0.25898423 	 0.08661417
-0.27786683 	 0.09448819
-0.29595757 	 0.10236220
-0.31298895 	 0.11023622
-0.32867566 	 0.11811024
-0.34273951 	 0.12598425
-0.35493045 	 0.13385827
-0.36504365 	 0.14173228
-0.37293249 	 0.14960630
-0.37851728 	 0.15748031
-0.38178936 	 0.16535433
-0.38281044 	 0.17322835
-0.38170719 	 0.18110236
-0.37866174 	 0.18897638
-0.37389887 	 0.19685039
-0.36767147 	 0.20472441
-0.36024540 	 0.21259843
-0.35188525 	 0.22047244
-0.34284206 	 0.22834646
-0.33334361 	 0.23622047
-0.32358779 	 0.24409449
-0.31373887 	 0.25196850
-0.30392654 	 0.25984252
-0.29424705 	 0.26771654
-0.28476616 	 0.27559055
-0.27552307 	 0.28346457
-0.26653496 	 0.29133858
-0.25780169 	 0.29921260
-0.24931032 	 0.30708661
-0.24103914 	 0.31496063
-0.23296118 	 0.32283465
-0.22504708 	 0.33070866
-0.21726729 	 0.33858268
-0.20959365 	 0.34645669
-0.20200053 	 0.35433071
-0.19446540 	 0.36220472
-0.18696913 	 0.37007874
-0.17949597 	 0.37795276
-0.17203339 	 0.38582677
-0.16457174 	 0.39370079
-0.15710387 	 0.40157480
-0.14962472 	 0.40944882
-0.14213090 	 0.41732283
-0.13462032 	 0.42519685
-0.12709184 	 0.43307087
-0.11954498 	 0.44094488
-0.11197967 	 0.44881890
-0.10439607 	 0.45669291
-0.09679439 	 0.46456693
-0.08917480 	 0.47244094
-0.08153732 	 0.48031496
-0.07388182 	 0.48818898
-0.06620792 	 0.49606299
-0.05851503 	 0.50393701
-0.05080232 	 0.51181102
-0.04306872 	 0.51968504
-0.03531295 	 0.52755906
-0.02753351 	 0.53543307
-0.01972872 	 0.54330709
-0.01189669 	 0.55118110
-0.00403538 	 0.55905512
0.00385745 	 0.56692913
0.01178417 	 0.57480315
0.01974735 	 0.58267717
0.02774973 	 0.59055118
0.03579425 	 0.59842520
0.04388404 	 0.60629921
0.05202245 	 0.61417323
0.06021307 	 0.62204724
0.06845976 	 0.62992126
0.07676664 	 0.63779528
0.08513812 	 0.64566929
0.09357889 	 0.65354331
0.10209393 	 0.66141732
0.11068846 	 0.66929134
0.11936793 	 0.67716535
0.12813790 	 0.68503937
0.13700398 	 0.69291339
0.14597165 	 0.70078740
0.15504610 	 0.70866142
0.16423199 	 0.71653543
0.17353316 	 0.72440945
0.18295227 	 0.73228346
0.19249045 	 0.74015748
0.20214683 	 0.74803150
0.21191803 	 0.75590551
0.22179768 	 0.76377953
0.23177583 	 0.77165354
0.24183845 	 0.77952756
0.25196685 	 0.78740157
0.26213724 	 0.79527559
0.27232032 	 0.80314961
0.28248093 	 0.81102362
0.29257792 	 0.81889764
0.30256411 	 0.82677165
0.31238647 	 0.83464567
0.32198651 	 0.84251969
0.33130105 	 0.85039370
0.34026358 	 0.85826772
0.34880675 	 0.86614173
0.35686725 	 0.87401575
0.36439531 	 0.88188976
0.37137322 	 0.88976378
0.37784944 	 0.89763780
0.38399808 	 0.90551181
0.39021420 	 0.91338583
0.39725215 	 0.92125984
0.40640077 	 0.92913386
0.41966410 	 0.93700787
0.43987771 	 0.94488189
0.47064984 	 0.95275591
0.51599026 	 0.96062992
0.57950743 	 0.96850394
0.66314708 	 0.97637795
0.76565337 	 0.98425197
0.88130075 	 0.99212598
1.00000000 	 1.00000000
