# V, X
0.00000000 	 0.00000000
0.05505358 	 0.00787402
0.10365459 	 0.01574803
0.14590704 	 0.02362205
0.18206778 	 0.03149606
0.21262142 	 0.03937008
0.23825366 	 0.04724409
0.25976424 	 0.05511811
0.27796168 	 0.06299213
0.29357218 	 0.07086614
0.30718062 	 0.07874016
0.31920762 	 0.08661417
0.32991704 	 0.09448819
0.33944318 	 0.10236220
0.34782652 	 0.11023622
0.35504919 	 0.11811024
0.36106497 	 0.12598425
0.36582154 	 0.13385827
0.36927542 	 0.14173228
0.37140077 	 0.14960630
0.37219381 	 0.15748031
0.37167419 	 0.16535433
0.36988436 	 0.17322835
0.36688763 	 0.18110236
0.36276539 	 0.18897638
0.35761374 	 0.19685039
0.35153969 	 0.20472441
0.34465724 	 0.21259843
0.33708347 	 0.22047244
0.32893478 	 0.22834646
0.32032350 	 0.23622047
0.31135508 	 0.24409449
0.30212573 	 0.25196850
0.29272081 	 0.25984252
0.28321386 	 0.26771654
0.27366618 	 0.27559055
0.26412708 	 0.28346457
0.25463446 	 0.29133858
0.24521581 	 0.29921260
0.23588943 	 0.30708661
0.22666581 	 0.31496063
0.21754903 	 0.32283465
0.20853811 	 0.33070866
0.19962832 	 0.33858268
0.19081232 	 0.34645669
0.18208113 	 0.35433071
0.17342494 	 0.36220472
0.16483378 	 0.37007874
0.15629796 	 0.37795276
0.14780843 	 0.38582677
0.13935698 	 0.39370079
0.13093635 	 0.40157480
0.12254026 	 0.40944882
0.11416337 	 0.41732283
0.10580120 	 0.42519685
0.09745004 	 0.43307087
0.08910684 	 0.44094488
0.08076906 	 0.44881890
0.07243460 	 0.45669291
0.06410164 	 0.46456693
0.05576859 	 0.47244094
0.04743399 	 0.48031496
0.03909643 	 0.48818898
0.03075453 	 0.49606299
0.02240684 	 0.50393701
0.01405189 	 0.51181102
0.00568808 	 0.51968504
-0.00268626 	 0.52755906
-0.01107292 	 0.53543307
-0.01947378 	 0.54330709
-0.02789081 	 0.55118110
-0.03632608 	 0.55905512
-0.04478171 	 0.56692913
-0.05325982 	 0.57480315
-0.06176257 	 0.58267717
-0.07029206 	 0.59055118
-0.07885028 	 0.59842520
-0.08743909 	 0.60629921
-0.09606012 	 0.61417323
-0.10471472 	 0.62204724
-0.11340384 	 0.62992126
-0.12212796 	 0.63779528
-0.13088700 	 0.64566929
-0.13968022 	 0.65354331
-0.14850612 	 0.66141732
-0.15736236 	 0.66929134
-0.16624574 	 0.67716535
-0.17515221 	 0.68503937
-0.18407694 	 0.69291339
-0.19301450 	 0.70078740
-0.20195925 	 0.70866142
-0.21090588 	 0.71653543
-0.21985022 	 0.72440945
-0.22879047 	 0.73228346
-0.23772878 	 0.74015748
-0.24667344 	 0.74803150
-0.25564155 	 0.75590551
-0.26466239 	 0.76377953
-0.27378136 	 0.77165354
-0.28306421 	 0.77952756
-0.29260144 	 0.78740157
-0.30251202 	 0.79527559
-0.31294550 	 0.80314961
-0.32408124 	 0.81102362
-0.33612276 	 0.81889764
-0.34928509 	 0.82677165
-0.36377271 	 0.83464567
-0.37974583 	 0.84251969
-0.39727371 	 0.85039370
-0.41627507 	 0.85826772
-0.43644870 	 0.86614173
-0.45720091 	 0.87401575
-0.47758119 	 0.88188976
-0.49624316 	 0.88976378
-0.51145153 	 0.89763780
-0.52115832 	 0.90551181
-0.52316685 	 0.91338583
-0.51538955 	 0.92125984
-0.49618102 	 0.92913386
-0.46469526 	 0.93700787
-0.42118355 	 0.94488189
-0.36713683 	 0.95275591
-0.30520009 	 0.96062992
-0.23884973 	 0.96850394
-0.17190271 	 0.97637795
-0.10797789 	 0.98425197
-0.05002684 	 0.99212598
0.00000000 	 1.00000000
