0.00000000 0.00000000
0.05539470 0.00787402
0.10398785 0.01574803
0.14596815 0.02362205
0.18169046 0.03149606
0.21173277 0.03937008
0.23685703 0.04724409
0.25791600 0.05511811
0.27574748 0.06299213
0.29108697 0.07086614
0.30451438 0.07874016
0.31643720 0.08661417
0.32710320 0.09448819
0.33663115 0.10236220
0.34504847 0.11023622
0.35232737 0.11811024
0.35841442 0.12598425
0.36325231 0.13385827
0.36679395 0.14173228
0.36901079 0.14960630
0.36989678 0.15748031
0.36946955 0.16535433
0.36776965 0.17322835
0.36485871 0.18110236
0.36081659 0.18897638
0.35573811 0.19685039
0.34972932 0.20472441
0.34290359 0.21259843
0.33537773 0.22047244
0.32726823 0.22834646
0.31868785 0.23622047
0.30974273 0.24409449
0.30053002 0.25196850
0.29113618 0.25984252
0.28163593 0.26771654
0.27209183 0.27559055
0.26255438 0.28346457
0.25306260 0.29133858
0.24364499 0.29921260
0.23432074 0.30708661
0.22510104 0.31496063
0.21599049 0.32283465
0.20698853 0.33070866
0.19809062 0.33858268
0.18928953 0.34645669
0.18057623 0.35433071
0.17194080 0.36220472
0.16337304 0.37007874
0.15486303 0.37795276
0.14640140 0.38582677
0.13797964 0.39370079
0.12959018 0.40157480
0.12122642 0.40944882
0.11288273 0.41732283
0.10455438 0.42519685
0.09623743 0.43307087
0.08792860 0.44094488
0.07962520 0.44881890
0.07132496 0.45669291
0.06302596 0.46456693
0.05472653 0.47244094
0.04642512 0.48031496
0.03812029 0.48818898
0.02981062 0.49606299
0.02149468 0.50393701
0.01317097 0.51181102
0.00483793 0.51968504
-0.00350610 0.52755906
-0.01186286 0.53543307
-0.02023419 0.54330709
-0.02862201 0.55118110
-0.03702831 0.55905512
-0.04545513 0.56692913
-0.05390451 0.57480315
-0.06237849 0.58267717
-0.07087905 0.59055118
-0.07940804 0.59842520
-0.08796716 0.60629921
-0.09655788 0.61417323
-0.10518131 0.62204724
-0.11383822 0.62992126
-0.12252886 0.63779528
-0.13125290 0.64566929
-0.14000939 0.65354331
-0.14879659 0.66141732
-0.15761202 0.66929134
-0.16645238 0.67716535
-0.17531363 0.68503937
-0.18419110 0.69291339
-0.19307978 0.70078740
-0.20197476 0.70866142
-0.21087182 0.71653543
-0.21976848 0.72440945
-0.22866522 0.73228346
-0.23756729 0.74015748
-0.24648694 0.74803150
-0.25544628 0.75590551
-0.26448057 0.76377953
-0.27364209 0.77165354
-0.28300409 0.77952756
-0.29266462 0.78740157
-0.30274929 0.79527559
-0.31341212 0.80314961
-0.32483287 0.81102362
-0.33720907 0.81889764
-0.35074077 0.82677165
-0.36560566 0.83464567
-0.38192297 0.84251969
-0.39970541 0.85039370
-0.41880012 0.85826772
-0.43882263 0.86614173
-0.45909145 0.87401575
-0.47857545 0.88188976
-0.49587067 0.88976378
-0.50922662 0.89763780
-0.51664192 0.90551181
-0.51604354 0.91338583
-0.50554896 0.92125984
-0.48378663 0.92913386
-0.45021957 0.93700787
-0.40539168 0.94488189
-0.35101172 0.95275591
-0.28982076 0.96062992
-0.22525180 0.96850394
-0.16095844 0.97637795
-0.10032791 0.98425197
-0.04607999 0.99212598
0.00000000 1.00000000
