0.00000000 0.00000000
-0.03112662 0.00787402
-0.06008151 0.01574803
-0.08702028 0.02362205
-0.11214872 0.03149606
-0.13573189 0.03937008
-0.15807253 0.04724409
-0.17947172 0.05511811
-0.20018545 0.06299213
-0.22038829 0.07086614
-0.24015192 0.07874016
-0.25944076 0.08661417
-0.27812304 0.09448819
-0.29599243 0.10236220
-0.31279498 0.11023622
-0.32825646 0.11811024
-0.34210758 0.12598425
-0.35410523 0.13385827
-0.36404984 0.14173228
-0.37179836 0.14960630
-0.37727295 0.15748031
-0.38046510 0.16535433
-0.38143497 0.17322835
-0.38030620 0.18110236
-0.37725659 0.18897638
-0.37250582 0.19685039
-0.36630122 0.20472441
-0.35890321 0.21259843
-0.35057141 0.22047244
-0.34155268 0.22834646
-0.33207168 0.23622047
-0.32232425 0.24409449
-0.31247373 0.25196850
-0.30264979 0.25984252
-0.29294949 0.26771654
-0.28343999 0.27559055
-0.27416225 0.28346457
-0.26513544 0.29133858
-0.25636146 0.29921260
-0.24782927 0.30708661
-0.23951892 0.31496063
-0.23140492 0.32283465
-0.22345907 0.33070866
-0.21565269 0.33858268
-0.20795822 0.34645669
-0.20035032 0.35433071
-0.19280658 0.36220472
-0.18530777 0.37007874
-0.17783792 0.37795276
-0.17038417 0.38582677
-0.16293647 0.39370079
-0.15548725 0.40157480
-0.14803099 0.40944882
-0.14056388 0.41732283
-0.13308342 0.42519685
-0.12558809 0.43307087
-0.11807707 0.44094488
-0.11055001 0.44881890
-0.10300678 0.45669291
-0.09544741 0.46456693
-0.08787187 0.47244094
-0.08028005 0.48031496
-0.07267169 0.48818898
-0.06504632 0.49606299
-0.05740329 0.50393701
-0.04974170 0.51181102
-0.04206045 0.51968504
-0.03435822 0.52755906
-0.02663349 0.53543307
-0.01888457 0.54330709
-0.01110955 0.55118110
-0.00330637 0.55905512
0.00452721 0.56692913
0.01239360 0.57480315
0.02029539 0.58267717
0.02823536 0.59055118
0.03621648 0.59842520
0.04424193 0.60629921
0.05231513 0.61417323
0.06043975 0.62204724
0.06861972 0.62992126
0.07685926 0.63779528
0.08516288 0.64566929
0.09353539 0.65354331
0.10198187 0.66141732
0.11050768 0.66929134
0.11911834 0.67716535
0.12781954 0.68503937
0.13661696 0.69291339
0.14551613 0.70078740
0.15452227 0.70866142
0.16364001 0.71653543
0.17287311 0.72440945
0.18222413 0.73228346
0.19169398 0.74015748
0.20128153 0.74803150
0.21098308 0.75590551
0.22079185 0.76377953
0.23069743 0.77165354
0.24068525 0.77952756
0.25073609 0.78740157
0.26082557 0.79527559
0.27092381 0.80314961
0.28099512 0.81102362
0.29099786 0.81889764
0.30088445 0.82677165
0.31060158 0.83464567
0.32009060 0.84251969
0.32928824 0.85039370
0.33812795 0.85826772
0.34654214 0.86614173
0.35446672 0.87401575
0.36184997 0.88188976
0.36867010 0.88976378
0.37496822 0.89763780
0.38090688 0.90551181
0.38686548 0.91338583
0.39358128 0.92125984
0.40233153 0.92913386
0.41512617 0.93700787
0.43484024 0.94488189
0.46517021 0.95275591
0.51026875 0.96062992
0.57392669 0.96850394
0.65826359 0.97637795
0.76209897 0.98425197
0.87955264 0.99212598
1.00000000 1.00000000
