1.00000 0.00000 0.00000 0.00000 0.00000
0.96880 -0.05906 -0.21388 -0.49774 -0.54302
0.96090 -0.07391 -0.27669 -0.55069 -0.52987
0.95310 -0.08864 -0.33714 -0.55408 -0.49099
0.94530 -0.10313 -0.39188 -0.52876 -0.45863
0.90630 -0.16914 -0.51550 -0.41442 -0.41496
0.85940 -0.22445 -0.42665 -0.36214 -0.36737
0.80470 -0.24533 -0.31966 -0.30018 -0.30719
0.50000 0.05454 0.02526 0.00945 0.00830
0.23440 0.17527 0.32235 0.27280 0.27224
0.22660 0.17507 0.33075 0.28066 0.28003
0.15630 0.16077 0.37095 0.35368 0.35070
0.09380 0.12317 0.32627 0.42950 0.41487
0.07810 0.10890 0.30353 0.43648 0.43124
0.07030 0.10091 0.29012 0.43329 0.43733
0.06250 0.09233 0.27485 0.42447 0.43983
0.00000 0.00000 0.00000 0.00000 0.00000
