0.00000000 0.00000000
0.05551013 0.00787402
0.10421914 0.01574803
0.14630447 0.02362205
0.18211462 0.03149606
0.21222647 0.03937008
0.23740469 0.04724409
0.25850643 0.05511811
0.27637392 0.06299213
0.29174602 0.07086614
0.30520462 0.07874016
0.31715799 0.08661417
0.32785375 0.09448819
0.33741009 0.10236220
0.34585378 0.11023622
0.35315642 0.11811024
0.35926428 0.12598425
0.36411989 0.13385827
0.36767628 0.14173228
0.36990512 0.14960630
0.37080074 0.15748031
0.37038122 0.16535433
0.36868764 0.17322835
0.36578212 0.18110236
0.36174505 0.18897638
0.35667170 0.19685039
0.35066852 0.20472441
0.34384916 0.21259843
0.33633063 0.22047244
0.32822946 0.22834646
0.31965834 0.23622047
0.31072322 0.24409449
0.30152094 0.25196850
0.29213758 0.25984252
0.28264740 0.26771654
0.27311246 0.27559055
0.26358276 0.28346457
0.25409682 0.29133858
0.24468270 0.29921260
0.23535915 0.30708661
0.22613705 0.31496063
0.21702073 0.32283465
0.20800942 0.33070866
0.19909850 0.33858268
0.19028068 0.34645669
0.18154698 0.35433071
0.17288758 0.36220472
0.16429241 0.37007874
0.15575172 0.37795276
0.14725637 0.38582677
0.13879806 0.39370079
0.13036946 0.40157480
0.12196421 0.40944882
0.11357691 0.41732283
0.10520305 0.42519685
0.09683889 0.43307087
0.08848137 0.44094488
0.08012796 0.44881890
0.07177656 0.45669291
0.06342541 0.46456693
0.05507296 0.47244094
0.04671780 0.48031496
0.03835859 0.48818898
0.02999402 0.49606299
0.02162275 0.50393701
0.01324337 0.51181102
0.00485441 0.51968504
-0.00354570 0.52755906
-0.01195862 0.53543307
-0.02038611 0.54330709
-0.02883001 0.55118110
-0.03729223 0.55905512
-0.04577472 0.56692913
-0.05427943 0.57480315
-0.06280833 0.58267717
-0.07136330 0.59055118
-0.07994611 0.59842520
-0.08855836 0.60629921
-0.09720145 0.61417323
-0.10587640 0.62204724
-0.11458387 0.62992126
-0.12332405 0.63779528
-0.13209654 0.64566929
-0.14090025 0.65354331
-0.14973338 0.66141732
-0.15859334 0.66929134
-0.16747676 0.67716535
-0.17637944 0.68503937
-0.18529657 0.69291339
-0.19422299 0.70078740
-0.20315361 0.70866142
-0.21208395 0.71653543
-0.22101116 0.72440945
-0.22993539 0.73228346
-0.23886148 0.74015748
-0.24780112 0.74803150
-0.25677569 0.75590551
-0.26581976 0.76377953
-0.27498484 0.77165354
-0.28434334 0.77952756
-0.29399238 0.78740157
-0.30405681 0.79527559
-0.31469011 0.80314961
-0.32607184 0.81102362
-0.33839977 0.81889764
-0.35187479 0.82677165
-0.36667632 0.83464567
-0.38292631 0.84251969
-0.40064105 0.85039370
-0.41967203 0.85826772
-0.43963966 0.86614173
-0.45986743 0.87401575
-0.47932854 0.88188976
-0.49662184 0.88976378
-0.50999720 0.89763780
-0.51745035 0.90551181
-0.51690165 0.91338583
-0.50645843 0.92125984
-0.48473644 0.92913386
-0.45118553 0.93700787
-0.40633878 0.94488189
-0.35189919 0.95275591
-0.29060894 0.96062992
-0.22590847 0.96850394
-0.16146258 0.97637795
-0.10066908 0.98425197
-0.04625355 0.99212598
0.00000000 1.00000000
