# V, X
-0.00000291 	 0.00000000
0.08870085 	 0.00787402
0.15896532 	 0.01574803
0.21048696 	 0.02362205
0.24882629 	 0.03149606
0.27990082 	 0.03937008
0.30697648 	 0.04724409
0.33088228 	 0.05511811
0.35118584 	 0.06299213
0.36705804 	 0.07086614
0.37776208 	 0.07874016
0.38295455 	 0.08661417
0.38282254 	 0.09448819
0.37803209 	 0.10236220
0.36954152 	 0.11023622
0.35838722 	 0.11811024
0.34552423 	 0.12598425
0.33174303 	 0.13385827
0.31764518 	 0.14173228
0.30365368 	 0.14960630
0.29004172 	 0.15748031
0.27696854 	 0.16535433
0.26451427 	 0.17322835
0.25270879 	 0.18110236
0.24155270 	 0.18897638
0.23103098 	 0.19685039
0.22112092 	 0.20472441
0.21179626 	 0.21259843
0.20302892 	 0.22047244
0.19478963 	 0.22834646
0.18704819 	 0.23622047
0.17977356 	 0.24409449
0.17293419 	 0.25196850
0.16649836 	 0.25984252
0.16043458 	 0.26771654
0.15471198 	 0.27559055
0.14930061 	 0.28346457
0.14417162 	 0.29133858
0.13929744 	 0.29921260
0.13465180 	 0.30708661
0.13020974 	 0.31496063
0.12594767 	 0.32283465
0.12184327 	 0.33070866
0.11787542 	 0.33858268
0.11402418 	 0.34645669
0.11027055 	 0.35433071
0.10659639 	 0.36220472
0.10298423 	 0.37007874
0.09941709 	 0.37795276
0.09587833 	 0.38582677
0.09235157 	 0.39370079
0.08882063 	 0.40157480
0.08526953 	 0.40944882
0.08168253 	 0.41732283
0.07804430 	 0.42519685
0.07434007 	 0.43307087
0.07055581 	 0.44094488
0.06667855 	 0.44881890
0.06269652 	 0.45669291
0.05859943 	 0.46456693
0.05437864 	 0.47244094
0.05002721 	 0.48031496
0.04553998 	 0.48818898
0.04091348 	 0.49606299
0.03614577 	 0.50393701
0.03123626 	 0.51181102
0.02618542 	 0.51968504
0.02099448 	 0.52755906
0.01566516 	 0.53543307
0.01019926 	 0.54330709
0.00459845 	 0.55118110
-0.00113614 	 0.55905512
-0.00700406 	 0.56692913
-0.01300581 	 0.57480315
-0.01914284 	 0.58267717
-0.02541747 	 0.59055118
-0.03183266 	 0.59842520
-0.03839165 	 0.60629921
-0.04509750 	 0.61417323
-0.05195263 	 0.62204724
-0.05895850 	 0.62992126
-0.06611531 	 0.63779528
-0.07342197 	 0.64566929
-0.08087617 	 0.65354331
-0.08847464 	 0.66141732
-0.09621335 	 0.66929134
-0.10408791 	 0.67716535
-0.11209376 	 0.68503937
-0.12022638 	 0.69291339
-0.12848145 	 0.70078740
-0.13685490 	 0.70866142
-0.14534291 	 0.71653543
-0.15394191 	 0.72440945
-0.16264856 	 0.73228346
-0.17145976 	 0.74015748
-0.18037260 	 0.74803150
-0.18938436 	 0.75590551
-0.19849247 	 0.76377953
-0.20769442 	 0.77165354
-0.21698758 	 0.77952756
-0.22636893 	 0.78740157
-0.23583454 	 0.79527559
-0.24537890 	 0.80314961
-0.25499383 	 0.81102362
-0.26466711 	 0.81889764
-0.27438072 	 0.82677165
-0.28410873 	 0.83464567
-0.29381538 	 0.84251969
-0.30345414 	 0.85039370
-0.31296972 	 0.85826772
-0.32230715 	 0.86614173
-0.33143503 	 0.87401575
-0.34039434 	 0.88188976
-0.34938687 	 0.88976378
-0.35891086 	 0.89763780
-0.36992068 	 0.90551181
-0.38391479 	 0.91338583
-0.40274564 	 0.92125984
-0.42786863 	 0.92913386
-0.45884638 	 0.93700787
-0.49129995 	 0.94488189
-0.51507737 	 0.95275591
-0.51407067 	 0.96062992
-0.46988024 	 0.96850394
-0.37199225 	 0.97637795
-0.23372128 	 0.98425197
-0.09653211 	 0.99212598
0.00000176 	 1.00000000
