# U, Y
0.00000000 	 0.00000000
-0.02968360 	 0.00787402
-0.05729217 	 0.01574803
-0.08305467 	 0.02362205
-0.10718093 	 0.03149606
-0.12991791 	 0.03937008
-0.15154984 	 0.04724409
-0.17236517 	 0.05511811
-0.19261222 	 0.06299213
-0.21246046 	 0.07086614
-0.23197725 	 0.07874016
-0.25112280 	 0.08661417
-0.26976109 	 0.09448819
-0.28768140 	 0.10236220
-0.30462470 	 0.11023622
-0.32031043 	 0.11811024
-0.33446089 	 0.12598425
-0.34682213 	 0.13385827
-0.35718122 	 0.14173228
-0.36537962 	 0.14960630
-0.37132271 	 0.15748031
-0.37498487 	 0.16535433
-0.37641013 	 0.17322835
-0.37570793 	 0.18110236
-0.37304491 	 0.18897638
-0.36863310 	 0.19685039
-0.36271606 	 0.20472441
-0.35555417 	 0.21259843
-0.34741034 	 0.22047244
-0.33853741 	 0.22834646
-0.32916792 	 0.23622047
-0.31950660 	 0.24409449
-0.30972597 	 0.25196850
-0.29996441 	 0.25984252
-0.29032678 	 0.26771654
-0.28088665 	 0.27559055
-0.27168987 	 0.28346457
-0.26275892 	 0.29133858
-0.25409742 	 0.29921260
-0.24569471 	 0.30708661
-0.23752998 	 0.31496063
-0.22957596 	 0.32283465
-0.22180199 	 0.33070866
-0.21417642 	 0.33858268
-0.20666853 	 0.34645669
-0.19924973 	 0.35433071
-0.19189444 	 0.36220472
-0.18458049 	 0.37007874
-0.17728926 	 0.37795276
-0.17000554 	 0.38582677
-0.16271733 	 0.39370079
-0.15541542 	 0.40157480
-0.14809307 	 0.40944882
-0.14074550 	 0.41732283
-0.13336960 	 0.42519685
-0.12596350 	 0.43307087
-0.11852624 	 0.44094488
-0.11105756 	 0.44881890
-0.10355763 	 0.45669291
-0.09602685 	 0.46456693
-0.08846579 	 0.47244094
-0.08087499 	 0.48031496
-0.07325497 	 0.48818898
-0.06560613 	 0.49606299
-0.05792875 	 0.50393701
-0.05022294 	 0.51181102
-0.04248867 	 0.51968504
-0.03472574 	 0.52755906
-0.02693381 	 0.53543307
-0.01911237 	 0.54330709
-0.01126075 	 0.55118110
-0.00337816 	 0.55905512
0.00453637 	 0.56692913
0.01248398 	 0.57480315
0.02046599 	 0.58267717
0.02848392 	 0.59055118
0.03653950 	 0.59842520
0.04463473 	 0.60629921
0.05277189 	 0.61417323
0.06095355 	 0.62204724
0.06918264 	 0.62992126
0.07746245 	 0.63779528
0.08579667 	 0.64566929
0.09418936 	 0.65354331
0.10264500 	 0.66141732
0.11116842 	 0.66929134
0.11976479 	 0.67716535
0.12843951 	 0.68503937
0.13719811 	 0.69291339
0.14604611 	 0.70078740
0.15498878 	 0.70866142
0.16403092 	 0.71653543
0.17317656 	 0.72440945
0.18242857 	 0.73228346
0.19178824 	 0.74015748
0.20125487 	 0.74803150
0.21082521 	 0.75590551
0.22049295 	 0.76377953
0.23024819 	 0.77165354
0.24007686 	 0.77952756
0.24996028 	 0.78740157
0.25987463 	 0.79527559
0.26979068 	 0.80314961
0.27967344 	 0.81102362
0.28948216 	 0.81889764
0.29917027 	 0.82677165
0.30868574 	 0.83464567
0.31797152 	 0.84251969
0.32696644 	 0.85039370
0.33560670 	 0.85826772
0.34382860 	 0.86614173
0.35157373 	 0.87401575
0.35879901 	 0.88188976
0.36549596 	 0.88976378
0.37172584 	 0.89763780
0.37768019 	 0.90551181
0.38377679 	 0.91338583
0.39079738 	 0.92125984
0.40006031 	 0.92913386
0.41359587 	 0.93700787
0.43425529 	 0.94488189
0.46564418 	 0.95275591
0.51174678 	 0.96062992
0.57612440 	 0.96850394
0.66066339 	 0.97637795
0.76405254 	 0.98425197
0.88053160 	 0.99212598
1.00000000 	 1.00000000
