# V, X
0.00000000 	 0.00000000
0.05329395 	 0.00787402
0.10039881 	 0.01574803
0.14139781 	 0.02362205
0.17653539 	 0.03149606
0.20627805 	 0.03937008
0.23128406 	 0.04724409
0.25231989 	 0.05511811
0.27016142 	 0.06299213
0.28550847 	 0.07086614
0.29892863 	 0.07874016
0.31083415 	 0.08661417
0.32148707 	 0.09448819
0.33102327 	 0.10236220
0.33948527 	 0.11023622
0.34685569 	 0.11811024
0.35308620 	 0.12598425
0.35811958 	 0.13385827
0.36190502 	 0.14173228
0.36440755 	 0.14960630
0.36561305 	 0.15748031
0.36553029 	 0.16535433
0.36419084 	 0.17322835
0.36164766 	 0.18110236
0.35797273 	 0.18897638
0.35325395 	 0.19685039
0.34759166 	 0.20472441
0.34109489 	 0.21259843
0.33387744 	 0.22047244
0.32605416 	 0.22834646
0.31773738 	 0.23622047
0.30903391 	 0.24409449
0.30004245 	 0.25196850
0.29085161 	 0.25984252
0.28153871 	 0.26771654
0.27216902 	 0.27559055
0.26279571 	 0.28346457
0.25346026 	 0.29133858
0.24419327 	 0.29921260
0.23501553 	 0.30708661
0.22593938 	 0.31496063
0.21697006 	 0.32283465
0.20810711 	 0.33070866
0.19934576 	 0.33858268
0.19067811 	 0.34645669
0.18209426 	 0.35433071
0.17358319 	 0.36220472
0.16513355 	 0.37007874
0.15673420 	 0.37795276
0.14837464 	 0.38582677
0.14004532 	 0.39370079
0.13173777 	 0.40157480
0.12344471 	 0.40944882
0.11515998 	 0.41732283
0.10687857 	 0.42519685
0.09859644 	 0.43307087
0.09031045 	 0.44094488
0.08201822 	 0.44881890
0.07371800 	 0.45669291
0.06540852 	 0.46456693
0.05708891 	 0.47244094
0.04875858 	 0.48031496
0.04041711 	 0.48818898
0.03206423 	 0.49606299
0.02369968 	 0.50393701
0.01532324 	 0.51181102
0.00693461 	 0.51968504
-0.00146654 	 0.52755906
-0.00988066 	 0.53543307
-0.01830828 	 0.54330709
-0.02675006 	 0.55118110
-0.03520674 	 0.55905512
-0.04367917 	 0.56692913
-0.05216827 	 0.57480315
-0.06067502 	 0.58267717
-0.06920041 	 0.59055118
-0.07774543 	 0.59842520
-0.08631097 	 0.60629921
-0.09489778 	 0.61417323
-0.10350643 	 0.62204724
-0.11213716 	 0.62992126
-0.12078986 	 0.63779528
-0.12946392 	 0.64566929
-0.13815817 	 0.65354331
-0.14687080 	 0.66141732
-0.15559929 	 0.66929134
-0.16434035 	 0.67716535
-0.17309001 	 0.68503937
-0.18184369 	 0.69291339
-0.19059642 	 0.70078740
-0.19934330 	 0.70866142
-0.20808005 	 0.71653543
-0.21680394 	 0.72440945
-0.22551512 	 0.73228346
-0.23421824 	 0.74015748
-0.24292478 	 0.74803150
-0.25165585 	 0.75590551
-0.26044560 	 0.76377953
-0.26934519 	 0.77165354
-0.27842700 	 0.77952756
-0.28778886 	 0.78740157
-0.29755741 	 0.79527559
-0.30788977 	 0.80314961
-0.31897193 	 0.81102362
-0.33101213 	 0.81889764
-0.34422709 	 0.82677165
-0.35881867 	 0.83464567
-0.37493905 	 0.84251969
-0.39264334 	 0.85039370
-0.41182992 	 0.85826772
-0.43217210 	 0.86614173
-0.45304772 	 0.87401575
-0.47347866 	 0.88188976
-0.49209664 	 0.88976378
-0.50715615 	 0.89763780
-0.51661636 	 0.90551181
-0.51830958 	 0.91338583
-0.51020008 	 0.92125984
-0.49071326 	 0.92913386
-0.45908268 	 0.93700787
-0.41563226 	 0.94488189
-0.36190087 	 0.95275591
-0.30054266 	 0.96062992
-0.23499970 	 0.96850394
-0.16901808 	 0.97637795
-0.10612409 	 0.98425197
-0.04916912 	 0.99212598
0.00000000 	 1.00000000
