0.00000000 0.00000000
0.01348012 0.00787402
0.02626487 0.01574803
0.03835791 0.02362205
0.04976653 0.03149606
0.06050115 0.03937008
0.07057499 0.04724409
0.08000365 0.05511811
0.08880476 0.06299213
0.09699758 0.07086614
0.10460269 0.07874016
0.11164167 0.08661417
0.11813678 0.09448819
0.12411066 0.10236220
0.12958613 0.11023622
0.13458593 0.11811024
0.13913247 0.12598425
0.14324773 0.13385827
0.14695303 0.14173228
0.15026895 0.14960630
0.15321519 0.15748031
0.15581048 0.16535433
0.15807252 0.17322835
0.16001795 0.18110236
0.16166227 0.18897638
0.16301987 0.19685039
0.16410399 0.20472441
0.16492675 0.21259843
0.16549916 0.22047244
0.16583114 0.22834646
0.16593158 0.23622047
0.16580834 0.24409449
0.16546833 0.25196850
0.16491756 0.25984252
0.16416115 0.26771654
0.16320343 0.27559055
0.16204797 0.28346457
0.16069767 0.29133858
0.15915474 0.29921260
0.15742085 0.30708661
0.15549712 0.31496063
0.15338419 0.32283465
0.15108228 0.33070866
0.14859123 0.33858268
0.14591055 0.34645669
0.14303948 0.35433071
0.13997702 0.36220472
0.13672199 0.37007874
0.13327306 0.37795276
0.12962880 0.38582677
0.12578770 0.39370079
0.12174827 0.40157480
0.11750899 0.40944882
0.11306844 0.41732283
0.10842528 0.42519685
0.10357830 0.43307087
0.09852649 0.44094488
0.09326905 0.44881890
0.08780542 0.45669291
0.08213536 0.46456693
0.07625897 0.47244094
0.07017674 0.48031496
0.06388959 0.48818898
0.05739892 0.49606299
0.05070666 0.50393701
0.04381532 0.51181102
0.03672804 0.51968504
0.02944865 0.52755906
0.02198170 0.53543307
0.01433257 0.54330709
0.00650746 0.55118110
-0.00148647 0.55905512
-0.00964111 0.56692913
-0.01794732 0.57480315
-0.02639481 0.58267717
-0.03497216 0.59055118
-0.04366669 0.59842520
-0.05246442 0.60629921
-0.06135003 0.61417323
-0.07030673 0.62204724
-0.07931626 0.62992126
-0.08835880 0.63779528
-0.09741294 0.64566929
-0.10645558 0.65354331
-0.11546195 0.66141732
-0.12440549 0.66929134
-0.13325790 0.67716535
-0.14198905 0.68503937
-0.15056700 0.69291339
-0.15895798 0.70078740
-0.16712644 0.70866142
-0.17503503 0.71653543
-0.18264469 0.72440945
-0.18991470 0.73228346
-0.19680279 0.74015748
-0.20326525 0.74803150
-0.20925712 0.75590551
-0.21473233 0.76377953
-0.21964398 0.77165354
-0.22394462 0.77952756
-0.22758655 0.78740157
-0.23052221 0.79527559
-0.23270464 0.80314961
-0.23408799 0.81102362
-0.23462805 0.81889764
-0.23428297 0.82677165
-0.23301389 0.83464567
-0.23078580 0.84251969
-0.22756832 0.85039370
-0.22333670 0.85826772
-0.21807268 0.86614173
-0.21176555 0.87401575
-0.20441311 0.88188976
-0.19602262 0.88976378
-0.18661170 0.89763780
-0.17620913 0.90551181
-0.16485543 0.91338583
-0.15260324 0.92125984
-0.13951744 0.92913386
-0.12567490 0.93700787
-0.11116385 0.94488189
-0.09608282 0.95275591
-0.08053923 0.96062992
-0.06464745 0.96850394
-0.04852666 0.97637795
-0.03229828 0.98425197
-0.01608339 0.99212598
0.00000000 1.00000000
