0.00000000 0.00000000
-0.03116158 0.00787402
-0.06008902 0.01574803
-0.08699196 0.02362205
-0.11210020 0.03149606
-0.13568469 0.03937008
-0.15804564 0.04724409
-0.17947908 0.05511811
-0.20023619 0.06299213
-0.22048794 0.07086614
-0.24030363 0.07874016
-0.25964608 0.08661417
-0.27838228 0.09448819
-0.29630473 0.10236220
-0.31315840 0.11023622
-0.32866824 0.11811024
-0.34256432 0.12598425
-0.35460324 0.13385827
-0.36458532 0.14173228
-0.37236761 0.14960630
-0.37787260 0.15748031
-0.38109231 0.16535433
-0.38208764 0.17322835
-0.38098304 0.18110236
-0.37795718 0.18897638
-0.37323049 0.19685039
-0.36705092 0.20472441
-0.35967928 0.21259843
-0.35137538 0.22047244
-0.34238603 0.22834646
-0.33293566 0.23622047
-0.32321968 0.24409449
-0.31340083 0.25196850
-0.30360811 0.25984252
-0.29393785 0.26771654
-0.28445642 0.27559055
-0.27520409 0.28346457
-0.26619938 0.29133858
-0.25744366 0.29921260
-0.24892548 0.30708661
-0.24062458 0.31496063
-0.23251533 0.32283465
-0.22456946 0.33070866
-0.21675833 0.33858268
-0.20905450 0.34645669
-0.20143284 0.35433071
-0.19387115 0.36220472
-0.18635049 0.37007874
-0.17885517 0.37795276
-0.17137265 0.38582677
-0.16389316 0.39370079
-0.15640941 0.40157480
-0.14891616 0.40944882
-0.14140982 0.41732283
-0.13388811 0.42519685
-0.12634972 0.43307087
-0.11879399 0.44094488
-0.11122072 0.44881890
-0.10362994 0.45669291
-0.09602177 0.46456693
-0.08839631 0.47244094
-0.08075354 0.48031496
-0.07309328 0.48818898
-0.06541514 0.49606299
-0.05771855 0.50393701
-0.05000266 0.51181102
-0.04226646 0.51968504
-0.03450869 0.52755906
-0.02672789 0.53543307
-0.01892244 0.54330709
-0.01109050 0.55118110
-0.00323008 0.55905512
0.00466098 0.56692913
0.01258502 0.57480315
0.02054454 0.58267717
0.02854222 0.59055118
0.03658095 0.59842520
0.04466379 0.60629921
0.05279407 0.61417323
0.06097533 0.62204724
0.06921138 0.62992126
0.07750632 0.63779528
0.08586450 0.64566929
0.09429062 0.65354331
0.10278961 0.66141732
0.11136667 0.66929134
0.12002722 0.67716535
0.12877679 0.68503937
0.13762093 0.69291339
0.14656507 0.70078740
0.15561432 0.70866142
0.16477323 0.71653543
0.17404550 0.72440945
0.18343363 0.73228346
0.19293854 0.74015748
0.20255907 0.74803150
0.21229157 0.75590551
0.22212929 0.76377953
0.23206191 0.77165354
0.24207492 0.77952756
0.25214919 0.78740157
0.26226043 0.79527559
0.27237882 0.80314961
0.28246875 0.81102362
0.29248861 0.81889764
0.30239083 0.82677165
0.31212205 0.83464567
0.32162354 0.84251969
0.33083190 0.85039370
0.33968035 0.85826772
0.34810101 0.86614173
0.35602931 0.87401575
0.36341285 0.88188976
0.37022879 0.88976378
0.37651669 0.89763780
0.38243683 0.90551181
0.38836561 0.91338583
0.39503671 0.92125984
0.40372375 0.92913386
0.41643382 0.93700787
0.43604083 0.94488189
0.46624227 0.95275591
0.51119338 0.96062992
0.57468748 0.96850394
0.65884500 0.97637795
0.76248581 0.98425197
0.87973616 0.99212598
1.00000000 1.00000000
