# U, Y
0.00000000 	 0.00000000
-0.11687442 	 0.00787402
-0.20003903 	 0.01574803
-0.25738541 	 0.02362205
-0.30010805 	 0.03149606
-0.33457872 	 0.03937008
-0.36205627 	 0.04724409
-0.38178377 	 0.05511811
-0.39311863 	 0.06299213
-0.39629296 	 0.07086614
-0.39248820 	 0.07874016
-0.38355131 	 0.08661417
-0.37153045 	 0.09448819
-0.35823382 	 0.10236220
-0.34497040 	 0.11023622
-0.33250555 	 0.11811024
-0.32115875 	 0.12598425
-0.31094872 	 0.13385827
-0.30172609 	 0.14173228
-0.29327262 	 0.14960630
-0.28536582 	 0.15748031
-0.27781450 	 0.16535433
-0.27047276 	 0.17322835
-0.26324037 	 0.18110236
-0.25605589 	 0.18897638
-0.24888716 	 0.19685039
-0.24172189 	 0.20472441
-0.23455990 	 0.21259843
-0.22740722 	 0.22047244
-0.22027224 	 0.22834646
-0.21316329 	 0.23622047
-0.20608738 	 0.24409449
-0.19904968 	 0.25196850
-0.19205354 	 0.25984252
-0.18510064 	 0.26771654
-0.17819139 	 0.27559055
-0.17132524 	 0.28346457
-0.16450107 	 0.29133858
-0.15771748 	 0.29921260
-0.15097298 	 0.30708661
-0.14426623 	 0.31496063
-0.13759610 	 0.32283465
-0.13096182 	 0.33070866
-0.12436292 	 0.33858268
-0.11779934 	 0.34645669
-0.11127135 	 0.35433071
-0.10477957 	 0.36220472
-0.09832492 	 0.37007874
-0.09190861 	 0.37795276
-0.08553211 	 0.38582677
-0.07919710 	 0.39370079
-0.07290550 	 0.40157480
-0.06665944 	 0.40944882
-0.06046122 	 0.41732283
-0.05431337 	 0.42519685
-0.04821859 	 0.43307087
-0.04217976 	 0.44094488
-0.03619994 	 0.44881890
-0.03028233 	 0.45669291
-0.02443026 	 0.46456693
-0.01864712 	 0.47244094
-0.01293628 	 0.48031496
-0.00730106 	 0.48818898
-0.00174458 	 0.49606299
0.00373031 	 0.50393701
0.00912118 	 0.51181102
0.01442608 	 0.51968504
0.01964374 	 0.52755906
0.02477358 	 0.53543307
0.02981586 	 0.54330709
0.03477168 	 0.55118110
0.03964308 	 0.55905512
0.04443301 	 0.56692913
0.04914534 	 0.57480315
0.05378480 	 0.58267717
0.05835696 	 0.59055118
0.06286815 	 0.59842520
0.06732536 	 0.60629921
0.07173618 	 0.61417323
0.07610872 	 0.62204724
0.08045146 	 0.62992126
0.08477325 	 0.63779528
0.08908312 	 0.64566929
0.09339027 	 0.65354331
0.09770394 	 0.66141732
0.10203337 	 0.66929134
0.10638768 	 0.67716535
0.11077580 	 0.68503937
0.11520648 	 0.69291339
0.11968819 	 0.70078740
0.12422913 	 0.70866142
0.12883730 	 0.71653543
0.13352062 	 0.72440945
0.13828713 	 0.73228346
0.14314543 	 0.74015748
0.14810524 	 0.74803150
0.15317831 	 0.75590551
0.15837967 	 0.76377953
0.16372925 	 0.77165354
0.16925390 	 0.77952756
0.17498973 	 0.78740157
0.18098443 	 0.79527559
0.18729916 	 0.80314961
0.19400936 	 0.81102362
0.20120368 	 0.81889764
0.20898029 	 0.82677165
0.21744018 	 0.83464567
0.22667742 	 0.84251969
0.23676722 	 0.85039370
0.24775321 	 0.85826772
0.25963547 	 0.86614173
0.27236084 	 0.87401575
0.28581627 	 0.88188976
0.29982503 	 0.88976378
0.31414517 	 0.89763780
0.32846959 	 0.90551181
0.34242796 	 0.91338583
0.35559117 	 0.92125984
0.36747974 	 0.92913386
0.37758048 	 0.93700787
0.38540747 	 0.94488189
0.39081333 	 0.95275591
0.39532270 	 0.96062992
0.40610489 	 0.96850394
0.44283327 	 0.97637795
0.54023472 	 0.98425197
0.73111153 	 0.99212598
1.00000000 	 1.00000000
