# V, X
0.00000000 	 0.00000000
0.09372106 	 0.00787402
0.17063356 	 0.01574803
0.22831697 	 0.02362205
0.27004045 	 0.03149606
0.30162962 	 0.03937008
0.32734964 	 0.04724409
0.34876655 	 0.05511811
0.36569219 	 0.06299213
0.37749945 	 0.07086614
0.38390767 	 0.07874016
0.38518036 	 0.08661417
0.38200784 	 0.09448819
0.37530971 	 0.10236220
0.36606344 	 0.11023622
0.35518209 	 0.11811024
0.34343633 	 0.12598425
0.33141470 	 0.13385827
0.31951725 	 0.14173228
0.30797568 	 0.14960630
0.29689001 	 0.15748031
0.28627062 	 0.16535433
0.27607700 	 0.17322835
0.26624786 	 0.18110236
0.25672126 	 0.18897638
0.24744562 	 0.19685039
0.23838401 	 0.20472441
0.22951403 	 0.21259843
0.22082548 	 0.22047244
0.21231723 	 0.22834646
0.20399416 	 0.23622047
0.19586451 	 0.24409449
0.18793796 	 0.25196850
0.18022410 	 0.25984252
0.17273149 	 0.26771654
0.16546705 	 0.27559055
0.15843562 	 0.28346457
0.15163982 	 0.29133858
0.14507994 	 0.29921260
0.13875395 	 0.30708661
0.13265759 	 0.31496063
0.12678447 	 0.32283465
0.12112625 	 0.33070866
0.11567282 	 0.33858268
0.11041255 	 0.34645669
0.10533248 	 0.35433071
0.10041864 	 0.36220472
0.09565628 	 0.37007874
0.09103010 	 0.37795276
0.08652454 	 0.38582677
0.08212398 	 0.39370079
0.07781293 	 0.40157480
0.07357625 	 0.40944882
0.06939926 	 0.41732283
0.06526787 	 0.42519685
0.06116864 	 0.43307087
0.05708883 	 0.44094488
0.05301645 	 0.44881890
0.04894017 	 0.45669291
0.04484936 	 0.46456693
0.04073399 	 0.47244094
0.03658463 	 0.48031496
0.03239234 	 0.48818898
0.02814873 	 0.49606299
0.02384582 	 0.50393701
0.01947608 	 0.51181102
0.01503229 	 0.51968504
0.01050754 	 0.52755906
0.00589500 	 0.53543307
0.00118784 	 0.54330709
-0.00362103 	 0.55118110
-0.00853910 	 0.55905512
-0.01357451 	 0.56692913
-0.01873618 	 0.57480315
-0.02403393 	 0.58267717
-0.02947853 	 0.59055118
-0.03508170 	 0.59842520
-0.04085600 	 0.60629921
-0.04681467 	 0.61417323
-0.05297135 	 0.62204724
-0.05933970 	 0.62992126
-0.06593297 	 0.63779528
-0.07276343 	 0.64566929
-0.07984182 	 0.65354331
-0.08717675 	 0.66141732
-0.09477420 	 0.66929134
-0.10263702 	 0.67716535
-0.11076459 	 0.68503937
-0.11915264 	 0.69291339
-0.12779314 	 0.70078740
-0.13667435 	 0.70866142
-0.14578102 	 0.71653543
-0.15509461 	 0.72440945
-0.16459363 	 0.73228346
-0.17425401 	 0.74015748
-0.18404949 	 0.74803150
-0.19395204 	 0.75590551
-0.20393225 	 0.76377953
-0.21395972 	 0.77165354
-0.22400346 	 0.77952756
-0.23403225 	 0.78740157
-0.24401506 	 0.79527559
-0.25392141 	 0.80314961
-0.26372194 	 0.81102362
-0.27338909 	 0.81889764
-0.28289800 	 0.82677165
-0.29222761 	 0.83464567
-0.30136172 	 0.84251969
-0.31028966 	 0.85039370
-0.31900638 	 0.85826772
-0.32751318 	 0.86614173
-0.33582419 	 0.87401575
-0.34399057 	 0.88188976
-0.35216357 	 0.88976378
-0.36071995 	 0.89763780
-0.37044924 	 0.90551181
-0.38272370 	 0.91338583
-0.39943138 	 0.92125984
-0.42232684 	 0.92913386
-0.45153061 	 0.93700787
-0.48333651 	 0.94488189
-0.50815645 	 0.95275591
-0.51010665 	 0.96062992
-0.47040180 	 0.96850394
-0.37711606 	 0.97637795
-0.24099425 	 0.98425197
-0.10191383 	 0.99212598
0.00000000 	 1.00000000
